# 每日访问量 uv
((496688, '11-25'), (486517, '11-26'), (723829, '11-27'), (622483, '11-28'), (724796, '11-29'), (354450, '11-30'), (752448, '12-01'), (161558, '12-02'), (9207, '12-03'))
# 每日访问量 pv
((4631518, '11-25'), (4920630, '11-26'), (17041881, '11-27'), (6957562, '11-28'), (10357691, '11-29'), (3006194, '11-30'), (11235365, '12-01'), (1234020, '12-02'), (12826, '12-03'))
# 每小时访问量 uv
((128824, '00'), (68522, '01'), (42422, '02'), (33189, '03'), (30885, '04'), (41344, '05'), (88336, '06'),(147234, '07'), (196365, '08'), (239013, '09'), (272452, '10'), (273036, '11'), (286287, '12'), (290279,'13'),(277830, '14'), (277905, '15'), (273914, '16'), (321203, '17'), (332797, '18'), (343968, '19'), (334795,'20'),(353590, '21'), (333103, '22'), (244947, '23'))
# 每小时访问量 pv
((241351, '00'), (132101, '01'), (82827, '02'), (64423, '03'), (59759, '04'), (76154, '05'), (145454, '06'), (222806, '07'), (293861, '08'), (348979, '09'), (393337, '10'), (401306, '11'), (409345, '12'), (415965, '13'), (395420, '14'), (345570, '15'), (341815, '16'), (381599, '17'), (392842, '18'), (410817, '19'), (451924, '20'), (492464, '21'), (467954, '22'), (357301, '23'))
# 用户日行为分析
           date   getDetail  buy   cart    favor
        (('11-25', 4102045, 162666, 235304, 131503),
         ('11-26', 4404361, 115566, 267455, 133248),
         ('11-27', 15123314, 567400, 875796, 475371),
         ('11-28', 6156174, 248873, 353577, 198938),
         ('11-29', 9202846, 330326, 535772, 288747),
         ('11-30', 2683907, 72627, 167278, 82382),
         ('12-01', 9979214, 325695, 623342, 307114),
         ('12-02', 1087542, 49092, 64526, 32860),
         ('12-03', 11381, 343, 702, 400))
# 用户分时行为分析
    ((0, 1841840, 64732, 104781, 59933),
     (1, 955029, 44736, 53456, 31783),
     (2, 564113, 36801, 29135, 1732),
     (3, 401772, 34898, 20576, 11694),
     (4, 364763, 33624, 18627, 9671),
     (5, 443430, 34636, 24765, 12378),
     (6, 911197, 42880, 55629, 27969),
     (7, 1409020, 53741, 86544, 45530),
     (8, 1893108, 71703, 112654, 62831),
     (9, 2356506, 92533, 138614, 78406),
     (10, 2787074, 112218, 163742, 92496),
     (11, 2684655, 107285, 160009, 89775),
     (12, 2785714, 106312, 160503, 89368),
     (13, 3027441, 110002, 176807, 96080),
     (14, 2885520, 104926, 164808, 90348),
     (15, 2485186, 91154, 143955, 77911),
     (16, 2345763, 86091, 138739, 74339),
     (17, 2518367, 87333, 148986, 80703),
     (18, 2696404, 89594, 152008, 80940),
     (19, 3156024, 96636, 177289, 91427),
     (20, 3326934, 91601, 194643, 94208),
     (21, 4015242, 102160, 240732, 114134),
     (22, 3952057, 98635, 253335, 120979),
(23, 2943625, 78357, 203415, 100334))


小时购买率分析
收藏/访问/购物车与最终购买的比值
[[0, 2.845331520731632, 1.0, 1.6186893653834271, 0.9258635605264784], [1, 2.1347907725321886, 1.0, 1.1949213161659513, 0.7104569027181689], [2, 1.532865954729491, 1.0, 0.7916904431944785, 0.04706393847993261], [3, 1.151269413719984, 1.0, 0.5896039887672646, 0.3350908361510688], [4, 1.084820366404949, 1.0, 0.5539793004996431, 0.2876219367118725], [5, 1.280257535512184, 1.0, 0.7150075066404896, 0.3573738306963853], [6, 2.1249766791044777, 1.0, 1.2973180970149254, 0.6522621268656716], [7, 2.6218715691929813, 1.0, 1.610390577026851, 0.8472116261327478], [8, 2.6401963655635052, 1.0, 1.5711197578901859, 0.8762673807232613], [9, 2.546659029751548, 1.0, 1.4979953097813752, 0.8473301416791847], [10, 2.4836211659448573, 1.0, 1.4591420271257731, 0.8242527936694648], [11, 2.502353544297898, 1.0, 1.4914386913361608, 0.8367898587873421], [12, 2.620315674618105, 1.0, 1.5097354955226128, 0.8406200617051697], [13, 2.752168142397411, 1.0, 1.6073071398701841, 0.87343866475155], [14, 2.750052417894516, 1.0, 1.5707069744391284, 0.8610639879534148], [15, 2.7263532044671654, 1.0, 1.5792504991552756, 0.8547183886609474], [16, 2.7247447468376484, 1.0, 1.6115389529683706, 0.8634932803661243], [17, 2.883629326829492, 1.0, 1.7059530761567792, 0.9240836797087012], [18, 3.0095765341429113, 1.0, 1.6966314708574235, 0.9034087104047146], [19, 3.265884349517778, 1.0, 1.8346061509168425, 0.946096692743905], [20, 3.6319800002183382, 1.0, 2.1249003831835895, 1.0284603879870307], [21, 3.9303445575567735, 1.0, 2.3564212999216916, 1.1172083007047768], [22, 4.006742028691641, 1.0, 2.5684087798448827, 1.2265321640391342], [23, 3.7566777696951132, 1.0, 2.596002909759179, 1.2804727082455938]]
日购买率分析
[['11-25', 25.217593104889776, 1.0, 1.4465469120775085, 0.8084233951778491], ['11-26', 38.111217832234395, 1.0, 2.314305245487427, 1.153003478531748], ['11-27', 26.653708142403946, 1.0, 1.5435248501938668, 0.837805780754318], ['11-28', 24.73620682034612, 1.0, 1.4207125722758194, 0.7993554945695194], ['11-29', 27.85988992692068, 1.0, 1.621949225916216, 0.874127377197072], ['11-30', 36.95467250471588, 1.0, 2.303248103322456, 1.1343164387899818], ['12-01', 30.639751915135324, 1.0, 1.9138826202428652, 0.9429496921966871], ['12-02', 22.153141041310192, 1.0, 1.3143893098671882, 0.6693554958037969], ['12-03', 33.180758017492714, 1.0, 2.0466472303206995, 1.1661807580174928]]

